2024-10-28_0022VT
{'study': '2024-10-28_0022VT', 'shape': '(16, 100, 100, 100)', 'mtime_pf': '2024-11-10 19:07', 'mtime_p1': '2024-11-10 19:16', 'shift': '0 0 0', 'lung_corr': 0.9684, 'dc_slope': 0.371, 'dc_icpt': -14.95, 'dc_corr': 0.87, 'dc_ratio_med': 0.669, 'bg_sd_ratio': 1.218, 'bg_corr': 0.503, 'lung_vox': 38122}

bin | pred dbg = -S/240^3 | meas dbg | bg sd PF/P1 | bg corr | lung corr
 0 |    -37.83 |    -30.84 | 1.222 | +0.551 | 0.9816
 1 |    -34.81 |    -25.67 | 1.236 | +0.532 | 0.9760
 2 |    -33.25 |    -22.03 | 1.251 | +0.518 | 0.9646
 3 |    -34.33 |    -24.82 | 1.246 | +0.496 | 0.9463
 4 |    -39.30 |    -33.26 | 1.265 | +0.465 | 0.9237
 5 |    -49.20 |    -41.41 | 1.182 | +0.430 | 0.9134
 6 |    -62.18 |    -42.74 | 1.122 | +0.434 | 0.9522
 7 |    -72.58 |    -44.56 | 1.137 | +0.467 | 0.9757
 8 |    -78.90 |    -42.26 | 1.187 | +0.497 | 0.9843
 9 |    -80.30 |    -40.81 | 1.248 | +0.489 | 0.9839
10 |    -75.37 |    -42.60 | 1.272 | +0.479 | 0.9810
11 |    -66.70 |    -39.27 | 1.240 | +0.507 | 0.9815
12 |    -57.56 |    -34.95 | 1.238 | +0.542 | 0.9822
13 |    -50.14 |    -30.43 | 1.214 | +0.546 | 0.9822
14 |    -44.89 |    -30.37 | 1.209 | +0.546 | 0.9826
15 |    -41.11 |    -32.09 | 1.224 | +0.555 | 0.9830

DC fit: meas = 0.371*pred + -14.95; corr 0.87; median ratio 0.669

