2024-10-08_009JT
{'study': '2024-10-08_009JT', 'shape': '(16, 100, 100, 100)', 'mtime_pf': '2024-10-08 15:15', 'mtime_p1': '2024-10-08 14:52', 'shift': '0 0 0', 'lung_corr': 0.9897, 'dc_slope': 0.828, 'dc_icpt': -4.65, 'dc_corr': 0.995, 'dc_ratio_med': 0.885, 'bg_sd_ratio': 1.194, 'bg_corr': 0.791, 'lung_vox': 42609}

bin | pred dbg = -S/240^3 | meas dbg | bg sd PF/P1 | bg corr | lung corr
 0 |    -55.48 |    -54.68 | 1.213 | +0.768 | 0.9816
 1 |    -62.28 |    -57.15 | 1.197 | +0.759 | 0.9858
 2 |    -82.67 |    -73.84 | 1.193 | +0.760 | 0.9924
 3 |   -114.85 |    -99.92 | 1.192 | +0.774 | 0.9943
 4 |   -144.35 |   -120.78 | 1.188 | +0.797 | 0.9940
 5 |   -157.52 |   -134.04 | 1.180 | +0.816 | 0.9929
 6 |   -153.05 |   -132.99 | 1.173 | +0.819 | 0.9918
 7 |   -137.32 |   -124.22 | 1.165 | +0.813 | 0.9909
 8 |   -118.94 |   -105.96 | 1.166 | +0.807 | 0.9902
 9 |   -103.78 |    -87.81 | 1.177 | +0.805 | 0.9903
10 |    -91.71 |    -74.79 | 1.185 | +0.801 | 0.9901
11 |    -81.68 |    -67.98 | 1.197 | +0.797 | 0.9900
12 |    -73.37 |    -64.49 | 1.209 | +0.793 | 0.9896
13 |    -66.43 |    -59.47 | 1.218 | +0.788 | 0.9888
14 |    -60.70 |    -54.05 | 1.225 | +0.785 | 0.9875
15 |    -56.42 |    -53.81 | 1.226 | +0.780 | 0.9853

DC fit: meas = 0.828*pred + -4.65; corr 0.995; median ratio 0.885

